#MESHES :1
mtllib something.mtl
o something
v -0.08169447630643845 -2.259999990463257 -0.08169447630643845
v 0.08169447630643845 -2.259999990463257 0.08169447630643845
v -0.08169447630643845 -2.259999990463257 0.08169447630643845
v -0.08169447630643845 -2.259999990463257 -0.08169447630643845
v -0.08169447630643845 2.259999990463257 0.08169447630643845
v -0.08169447630643845 2.259999990463257 -0.08169447630643845
v -0.08169447630643845 -2.259999990463257 -0.08169447630643845
v 0.08169447630643845 2.259999990463257 -0.08169447630643845
v 0.08169447630643845 -2.259999990463257 -0.08169447630643845
v -0.08169447630643845 -2.259999990463257 0.08169447630643845
v -0.08169447630643845 2.259999990463257 0.08169447630643845
v -0.08169447630643845 -2.259999990463257 -0.08169447630643845
v 0.08169447630643845 -2.259999990463257 0.08169447630643845
v -0.08169447630643845 2.259999990463257 0.08169447630643845
v -0.08169447630643845 -2.259999990463257 0.08169447630643845
v 0.08169447630643845 -2.259999990463257 0.08169447630643845
v 0.08169447630643845 2.259999990463257 -0.08169447630643845
v 0.08169447630643845 2.259999990463257 0.08169447630643845
v 0.08169447630643845 -2.259999990463257 -0.08169447630643845
v 0.08169447630643845 -2.259999990463257 0.08169447630643845
v -0.08169447630643845 -2.259999990463257 -0.08169447630643845
v 0.08169447630643845 -2.259999990463257 -0.08169447630643845
v 0.08169447630643845 2.259999990463257 -0.08169447630643845
v 0.08169447630643845 -2.259999990463257 0.08169447630643845
v -0.08169447630643845 2.259999990463257 -0.08169447630643845
v 0.08169447630643845 2.259999990463257 -0.08169447630643845
v -0.08169447630643845 -2.259999990463257 -0.08169447630643845
v -0.08169447630643845 2.259999990463257 0.08169447630643845
v 0.08169447630643845 2.259999990463257 -0.08169447630643845
v -0.08169447630643845 2.259999990463257 -0.08169447630643845
v 0.08169447630643845 2.259999990463257 0.08169447630643845
v -0.08169447630643845 2.259999990463257 0.08169447630643845
v 0.08169447630643845 -2.259999990463257 0.08169447630643845
v 0.08169447630643845 2.259999990463257 0.08169447630643845
v 0.08169447630643845 2.259999990463257 -0.08169447630643845
v -0.08169447630643845 2.259999990463257 0.08169447630643845
vt 0.03614800050854683 4.440892098500626e-16
vt 0.07229600101709366 1.0
vt 0.03614800050854683 1.0
vt 2.7755575615628914e-16 0.75
vt 1.0 0.5
vt 1.0 0.75
vt 2.7755575615628914e-16 0.75
vt 1.0 1.0
vt 2.7755575615628914e-16 1.0
vt 0.0 0.5
vt 1.0 0.5
vt 2.7755575615628914e-16 0.75
vt 0.0 0.25
vt 1.0 0.5
vt 0.0 0.5
vt 0.0 0.25
vt 1.0 0.0
vt 1.0 0.25
vt 0.07229600101709366 4.440892098500626e-16
vt 0.07229600101709366 1.0
vt 0.03614800050854683 4.440892098500626e-16
vt 0.0 1.9195788875944015e-16
vt 1.0 0.0
vt 0.0 0.25
vt 1.0 0.75
vt 1.0 1.0
vt 2.7755575615628914e-16 0.75
vt 0.03614800050854683 4.440892098500626e-16
vt 0.0 1.0
vt 3.469446951953614e-18 4.440892098500626e-16
vt 1.0 0.25
vt 1.0 0.5
vt 0.0 0.25
vt 0.03614800050854683 1.0
vt 0.0 1.0
vt 0.03614800050854683 4.440892098500626e-16
vn 0.0 -1.0 0.0
vn 0.0 -1.0 0.0
vn 0.0 -1.0 0.0
vn -0.7071067690849304 -4.330257750362843e-17 -0.7071067690849304
vn -0.7071067690849304 4.353882028657357e-17 0.7071067690849304
vn -0.7071067690849304 -4.3184456112155855e-17 -0.7071067690849304
vn -0.7071067690849304 -4.330257750362843e-17 -0.7071067690849304
vn 0.7071067690849304 -4.353882028657357e-17 -0.7071067690849304
vn 0.7071067690849304 -4.3420698895101e-17 -0.7071067690849304
vn -0.7071067690849304 4.3420698895101e-17 0.7071067690849304
vn -0.7071067690849304 4.353882028657357e-17 0.7071067690849304
vn -0.7071067690849304 -4.330257750362843e-17 -0.7071067690849304
vn 0.7071067690849304 4.330257750362843e-17 0.7071067690849304
vn -0.7071067690849304 4.353882028657357e-17 0.7071067690849304
vn -0.7071067690849304 4.3420698895101e-17 0.7071067690849304
vn 0.7071067690849304 4.330257750362843e-17 0.7071067690849304
vn 0.7071067690849304 -4.353882028657357e-17 -0.7071067690849304
vn 0.7071067690849304 4.3184456112155855e-17 0.7071067690849304
vn 0.0 -1.0 0.0
vn 0.0 -1.0 0.0
vn 0.0 -1.0 0.0
vn 0.7071067690849304 -4.3420698895101e-17 -0.7071067690849304
vn 0.7071067690849304 -4.353882028657357e-17 -0.7071067690849304
vn 0.7071067690849304 4.330257750362843e-17 0.7071067690849304
vn -0.7071067690849304 -4.3184456112155855e-17 -0.7071067690849304
vn 0.7071067690849304 -4.353882028657357e-17 -0.7071067690849304
vn -0.7071067690849304 -4.330257750362843e-17 -0.7071067690849304
vn 0.0 1.0 0.0
vn 0.0 1.0 0.0
vn 0.0 1.0 0.0
vn 0.7071067690849304 4.3184456112155855e-17 0.7071067690849304
vn -0.7071067690849304 4.353882028657357e-17 0.7071067690849304
vn 0.7071067690849304 4.330257750362843e-17 0.7071067690849304
vn 0.0 1.0 0.0
vn 0.0 1.0 0.0
vn 0.0 1.0 0.0
g something0
usemtl material0
f 1/1/1 2/2/2 3/3/3
f 4/4/4 5/5/5 6/6/6
f 7/7/7 8/8/8 9/9/9
f 10/10/10 11/11/11 12/12/12
f 13/13/13 14/14/14 15/15/15
f 16/16/16 17/17/17 18/18/18
f 19/19/19 20/20/20 21/21/21
f 22/22/22 23/23/23 24/24/24
f 25/25/25 26/26/26 27/27/27
f 28/28/28 29/29/29 30/30/30
f 31/31/31 32/32/32 33/33/33
f 34/34/34 35/35/35 36/36/36
